0.000000 1.000000 0.000000
0.010000 0.990050 0.031411
0.020000 0.980199 0.062791
0.030000 0.970446 0.094108
0.040000 0.960789 0.125333
0.050000 0.951229 0.156434
0.060000 0.941765 0.187381
0.070000 0.932394 0.218143
0.080000 0.923116 0.248690
0.090000 0.913931 0.278991
0.100000 0.904837 0.309017
0.110000 0.895834 0.338738
0.120000 0.886920 0.368125
0.130000 0.878095 0.397148
0.140000 0.869358 0.425779
0.150000 0.860708 0.453990
0.160000 0.852144 0.481754
0.170000 0.843665 0.509041
0.180000 0.835270 0.535827
0.190000 0.826959 0.562083
0.200000 0.818731 0.587785
0.210000 0.810584 0.612907
0.220000 0.802519 0.637424
0.230000 0.794534 0.661312
0.240000 0.786628 0.684547
0.250000 0.778801 0.707107
0.260000 0.771052 0.728969
0.270000 0.763379 0.750111
0.280000 0.755784 0.770513
0.290000 0.748264 0.790155
0.300000 0.740818 0.809017
0.310000 0.733447 0.827081
0.320000 0.726149 0.844328
0.330000 0.718924 0.860742
0.340000 0.711770 0.876307
0.350000 0.704688 0.891007
0.360000 0.697676 0.904827
0.370000 0.690734 0.917755
0.380000 0.683861 0.929776
0.390000 0.677057 0.940881
0.400000 0.670320 0.951057
0.410000 0.663650 0.960294
0.420000 0.657047 0.968583
0.430000 0.650509 0.975917
0.440000 0.644036 0.982287
0.450000 0.637628 0.987688
0.460000 0.631284 0.992115
0.470000 0.625002 0.995562
0.480000 0.618783 0.998027
0.490000 0.612626 0.999507
0.500000 0.606531 1.000000
0.510000 0.600496 0.999507
0.520000 0.594521 0.998027
0.530000 0.588605 0.995562
0.540000 0.582748 0.992115
0.550000 0.576950 0.987688
0.560000 0.571209 0.982287
0.570000 0.565525 0.975917
0.580000 0.559898 0.968583
0.590000 0.554327 0.960294
0.600000 0.548812 0.951057
0.610000 0.543351 0.940881
0.620000 0.537944 0.929776
0.630000 0.532592 0.917755
0.640000 0.527292 0.904827
0.650000 0.522046 0.891007
0.660000 0.516851 0.876307
0.670000 0.511709 0.860742
0.680000 0.506617 0.844328
0.690000 0.501576 0.827081
0.700000 0.496585 0.809017
0.710000 0.491644 0.790155
0.720000 0.486752 0.770513
0.730000 0.481909 0.750111
0.740000 0.477114 0.728969
0.750000 0.472367 0.707107
0.760000 0.467666 0.684547
0.770000 0.463013 0.661312
0.780000 0.458406 0.637424
0.790000 0.453845 0.612907
0.800000 0.449329 0.587785
0.810000 0.444858 0.562083
0.820000 0.440432 0.535827
0.830000 0.436049 0.509041
0.840000 0.431711 0.481754
0.850000 0.427415 0.453990
0.860000 0.423162 0.425779
0.870000 0.418952 0.397148
0.880000 0.414783 0.368125
0.890000 0.410656 0.338738
0.900000 0.406570 0.309017
0.910000 0.402524 0.278991
0.920000 0.398519 0.248690
0.930000 0.394554 0.218143
0.940000 0.390628 0.187381
0.950000 0.386741 0.156434
0.960000 0.382893 0.125333
0.970000 0.379083 0.094108
0.980000 0.375311 0.062791
0.990000 0.371577 0.031411
1.000000 0.367879 0.000000
