0.000000 1.000000 0.000000
0.010000 0.951229 0.156434
0.020000 0.904837 0.309017
0.030000 0.860708 0.453990
0.040000 0.818731 0.587785
0.050000 0.778801 0.707107
0.060000 0.740818 0.809017
0.070000 0.704688 0.891007
0.080000 0.670320 0.951057
0.090000 0.637628 0.987688
0.100000 0.606531 1.000000
0.110000 0.576950 0.987688
0.120000 0.548812 0.951057
0.130000 0.522046 0.891007
0.140000 0.496585 0.809017
0.150000 0.472367 0.707107
0.160000 0.449329 0.587785
0.170000 0.427415 0.453990
0.180000 0.406570 0.309017
0.190000 0.386741 0.156434
0.200000 0.367879 0.000000
0.210000 0.349938 -0.156434
0.220000 0.332871 -0.309017
0.230000 0.316637 -0.453990
0.240000 0.301194 -0.587785
0.250000 0.286505 -0.707107
0.260000 0.272532 -0.809017
0.270000 0.259240 -0.891007
0.280000 0.246597 -0.951057
0.290000 0.234570 -0.987688
0.300000 0.223130 -1.000000
0.310000 0.212248 -0.987688
0.320000 0.201897 -0.951057
0.330000 0.192050 -0.891007
0.340000 0.182684 -0.809017
0.350000 0.173774 -0.707107
0.360000 0.165299 -0.587785
0.370000 0.157237 -0.453990
0.380000 0.149569 -0.309017
0.390000 0.142274 -0.156434
0.400000 0.135335 -0.000000
0.410000 0.128735 0.156434
0.420000 0.122456 0.309017
0.430000 0.116484 0.453990
0.440000 0.110803 0.587785
0.450000 0.105399 0.707107
0.460000 0.100259 0.809017
0.470000 0.095369 0.891007
0.480000 0.090718 0.951057
0.490000 0.086294 0.987688
0.500000 0.082085 1.000000
0.510000 0.078082 0.987688
0.520000 0.074274 0.951057
0.530000 0.070651 0.891007
0.540000 0.067206 0.809017
0.550000 0.063928 0.707107
0.560000 0.060810 0.587785
0.570000 0.057844 0.453990
0.580000 0.055023 0.309017
0.590000 0.052340 0.156434
0.600000 0.049787 0.000000
0.610000 0.047359 -0.156434
0.620000 0.045049 -0.309017
0.630000 0.042852 -0.453990
0.640000 0.040762 -0.587785
0.650000 0.038774 -0.707107
0.660000 0.036883 -0.809017
0.670000 0.035084 -0.891007
0.680000 0.033373 -0.951057
0.690000 0.031746 -0.987688
0.700000 0.030197 -1.000000
0.710000 0.028725 -0.987688
0.720000 0.027324 -0.951057
0.730000 0.025991 -0.891007
0.740000 0.024724 -0.809017
0.750000 0.023518 -0.707107
0.760000 0.022371 -0.587785
0.770000 0.021280 -0.453990
0.780000 0.020242 -0.309017
0.790000 0.019255 -0.156434
0.800000 0.018316 -0.000000
0.810000 0.017422 0.156434
0.820000 0.016573 0.309017
0.830000 0.015764 0.453990
0.840000 0.014996 0.587785
0.850000 0.014264 0.707107
0.860000 0.013569 0.809017
0.870000 0.012907 0.891007
0.880000 0.012277 0.951057
0.890000 0.011679 0.987688
0.900000 0.011109 1.000000
0.910000 0.010567 0.987688
0.920000 0.010052 0.951057
0.930000 0.009562 0.891007
0.940000 0.009095 0.809017
0.950000 0.008652 0.707107
0.960000 0.008230 0.587785
0.970000 0.007828 0.453990
0.980000 0.007447 0.309017
0.990000 0.007083 0.156434
1.000000 0.006738 0.000000
