0.000000 1.000000 0.000000
0.010000 0.923116 0.248690
0.020000 0.852144 0.481754
0.030000 0.786628 0.684547
0.040000 0.726149 0.844328
0.050000 0.670320 0.951057
0.060000 0.618783 0.998027
0.070000 0.571209 0.982287
0.080000 0.527292 0.904827
0.090000 0.486752 0.770513
0.100000 0.449329 0.587785
0.110000 0.414783 0.368125
0.120000 0.382893 0.125333
0.130000 0.353455 -0.125333
0.140000 0.326280 -0.368125
0.150000 0.301194 -0.587785
0.160000 0.278037 -0.770513
0.170000 0.256661 -0.904827
0.180000 0.236928 -0.982287
0.190000 0.218712 -0.998027
0.200000 0.201897 -0.951057
0.210000 0.186374 -0.844328
0.220000 0.172045 -0.684547
0.230000 0.158817 -0.481754
0.240000 0.146607 -0.248690
0.250000 0.135335 -0.000000
0.260000 0.124930 0.248690
0.270000 0.115325 0.481754
0.280000 0.106459 0.684547
0.290000 0.098274 0.844328
0.300000 0.090718 0.951057
0.310000 0.083743 0.998027
0.320000 0.077305 0.982287
0.330000 0.071361 0.904827
0.340000 0.065875 0.770513
0.350000 0.060810 0.587785
0.360000 0.056135 0.368125
0.370000 0.051819 0.125333
0.380000 0.047835 -0.125333
0.390000 0.044157 -0.368125
0.400000 0.040762 -0.587785
0.410000 0.037628 -0.770513
0.420000 0.034735 -0.904827
0.430000 0.032065 -0.982287
0.440000 0.029599 -0.998027
0.450000 0.027324 -0.951057
0.460000 0.025223 -0.844328
0.470000 0.023284 -0.684547
0.480000 0.021494 -0.481754
0.490000 0.019841 -0.248690
0.500000 0.018316 -0.000000
0.510000 0.016907 0.248690
0.520000 0.015608 0.481754
0.530000 0.014408 0.684547
0.540000 0.013300 0.844328
0.550000 0.012277 0.951057
0.560000 0.011333 0.998027
0.570000 0.010462 0.982287
0.580000 0.009658 0.904827
0.590000 0.008915 0.770513
0.600000 0.008230 0.587785
0.610000 0.007597 0.368125
0.620000 0.007013 0.125333
0.630000 0.006474 -0.125333
0.640000 0.005976 -0.368125
0.650000 0.005517 -0.587785
0.660000 0.005092 -0.770513
0.670000 0.004701 -0.904827
0.680000 0.004339 -0.982287
0.690000 0.004006 -0.998027
0.700000 0.003698 -0.951057
0.710000 0.003414 -0.844328
0.720000 0.003151 -0.684547
0.730000 0.002909 -0.481754
0.740000 0.002685 -0.248690
0.750000 0.002479 -0.000000
0.760000 0.002288 0.248690
0.770000 0.002112 0.481754
0.780000 0.001950 0.684547
0.790000 0.001800 0.844328
0.800000 0.001662 0.951057
0.810000 0.001534 0.998027
0.820000 0.001416 0.982287
0.830000 0.001307 0.904827
0.840000 0.001207 0.770513
0.850000 0.001114 0.587785
0.860000 0.001028 0.368125
0.870000 0.000949 0.125333
0.880000 0.000876 -0.125333
0.890000 0.000809 -0.368125
0.900000 0.000747 -0.587785
0.910000 0.000689 -0.770513
0.920000 0.000636 -0.904827
0.930000 0.000587 -0.982287
0.940000 0.000542 -0.998027
0.950000 0.000500 -0.951057
0.960000 0.000462 -0.844328
0.970000 0.000426 -0.684547
0.980000 0.000394 -0.481754
0.990000 0.000363 -0.248690
1.000000 0.000335 -0.000000
