0.000000 1.000000 0.000000
0.010000 0.932394 0.218143
0.020000 0.869358 0.425779
0.030000 0.810584 0.612907
0.040000 0.755784 0.770513
0.050000 0.704688 0.891007
0.060000 0.657047 0.968583
0.070000 0.612626 0.999507
0.080000 0.571209 0.982287
0.090000 0.532592 0.917755
0.100000 0.496585 0.809017
0.110000 0.463013 0.661312
0.120000 0.431711 0.481754
0.130000 0.402524 0.278991
0.140000 0.375311 0.062791
0.150000 0.349938 -0.156434
0.160000 0.326280 -0.368125
0.170000 0.304221 -0.562083
0.180000 0.283654 -0.728969
0.190000 0.264477 -0.860742
0.200000 0.246597 -0.951057
0.210000 0.229925 -0.995562
0.220000 0.214381 -0.992115
0.230000 0.199888 -0.940881
0.240000 0.186374 -0.844328
0.250000 0.173774 -0.707107
0.260000 0.162026 -0.535827
0.270000 0.151072 -0.338738
0.280000 0.140858 -0.125333
0.290000 0.131336 0.094108
0.300000 0.122456 0.309017
0.310000 0.114178 0.509041
0.320000 0.106459 0.684547
0.330000 0.099261 0.827081
0.340000 0.092551 0.929776
0.350000 0.086294 0.987688
0.360000 0.080460 0.998027
0.370000 0.075020 0.960294
0.380000 0.069948 0.876307
0.390000 0.065219 0.750111
0.400000 0.060810 0.587785
0.410000 0.056699 0.397148
0.420000 0.052866 0.187381
0.430000 0.049292 -0.031411
0.440000 0.045959 -0.248690
0.450000 0.042852 -0.453990
0.460000 0.039955 -0.637424
0.470000 0.037254 -0.790155
0.480000 0.034735 -0.904827
0.490000 0.032387 -0.975917
0.500000 0.030197 -1.000000
0.510000 0.028156 -0.975917
0.520000 0.026252 -0.904827
0.530000 0.024478 -0.790155
0.540000 0.022823 -0.637424
0.550000 0.021280 -0.453990
0.560000 0.019841 -0.248690
0.570000 0.018500 -0.031411
0.580000 0.017249 0.187381
0.590000 0.016083 0.397148
0.600000 0.014996 0.587785
0.610000 0.013982 0.750111
0.620000 0.013037 0.876307
0.630000 0.012155 0.960294
0.640000 0.011333 0.998027
0.650000 0.010567 0.987688
0.660000 0.009853 0.929776
0.670000 0.009187 0.827081
0.680000 0.008566 0.684547
0.690000 0.007987 0.509041
0.700000 0.007447 0.309017
0.710000 0.006943 0.094108
0.720000 0.006474 -0.125333
0.730000 0.006036 -0.338738
0.740000 0.005628 -0.535827
0.750000 0.005248 -0.707107
0.760000 0.004893 -0.844328
0.770000 0.004562 -0.940881
0.780000 0.004254 -0.992115
0.790000 0.003966 -0.995562
0.800000 0.003698 -0.951057
0.810000 0.003448 -0.860742
0.820000 0.003215 -0.728969
0.830000 0.002997 -0.562083
0.840000 0.002795 -0.368125
0.850000 0.002606 -0.156434
0.860000 0.002430 0.062791
0.870000 0.002265 0.278991
0.880000 0.002112 0.481754
0.890000 0.001969 0.661312
0.900000 0.001836 0.809017
0.910000 0.001712 0.917755
0.920000 0.001596 0.982287
0.930000 0.001488 0.999507
0.940000 0.001388 0.968583
0.950000 0.001294 0.891007
0.960000 0.001207 0.770513
0.970000 0.001125 0.612907
0.980000 0.001049 0.425779
0.990000 0.000978 0.218143
1.000000 0.000912 0.000000
