0.000000 1.000000 0.000000
0.010000 0.980199 0.062791
0.020000 0.960789 0.125333
0.030000 0.941765 0.187381
0.040000 0.923116 0.248690
0.050000 0.904837 0.309017
0.060000 0.886920 0.368125
0.070000 0.869358 0.425779
0.080000 0.852144 0.481754
0.090000 0.835270 0.535827
0.100000 0.818731 0.587785
0.110000 0.802519 0.637424
0.120000 0.786628 0.684547
0.130000 0.771052 0.728969
0.140000 0.755784 0.770513
0.150000 0.740818 0.809017
0.160000 0.726149 0.844328
0.170000 0.711770 0.876307
0.180000 0.697676 0.904827
0.190000 0.683861 0.929776
0.200000 0.670320 0.951057
0.210000 0.657047 0.968583
0.220000 0.644036 0.982287
0.230000 0.631284 0.992115
0.240000 0.618783 0.998027
0.250000 0.606531 1.000000
0.260000 0.594521 0.998027
0.270000 0.582748 0.992115
0.280000 0.571209 0.982287
0.290000 0.559898 0.968583
0.300000 0.548812 0.951057
0.310000 0.537944 0.929776
0.320000 0.527292 0.904827
0.330000 0.516851 0.876307
0.340000 0.506617 0.844328
0.350000 0.496585 0.809017
0.360000 0.486752 0.770513
0.370000 0.477114 0.728969
0.380000 0.467666 0.684547
0.390000 0.458406 0.637424
0.400000 0.449329 0.587785
0.410000 0.440432 0.535827
0.420000 0.431711 0.481754
0.430000 0.423162 0.425779
0.440000 0.414783 0.368125
0.450000 0.406570 0.309017
0.460000 0.398519 0.248690
0.470000 0.390628 0.187381
0.480000 0.382893 0.125333
0.490000 0.375311 0.062791
0.500000 0.367879 0.000000
0.510000 0.360595 -0.062791
0.520000 0.353455 -0.125333
0.530000 0.346456 -0.187381
0.540000 0.339596 -0.248690
0.550000 0.332871 -0.309017
0.560000 0.326280 -0.368125
0.570000 0.319819 -0.425779
0.580000 0.313486 -0.481754
0.590000 0.307279 -0.535827
0.600000 0.301194 -0.587785
0.610000 0.295230 -0.637424
0.620000 0.289384 -0.684547
0.630000 0.283654 -0.728969
0.640000 0.278037 -0.770513
0.650000 0.272532 -0.809017
0.660000 0.267135 -0.844328
0.670000 0.261846 -0.876307
0.680000 0.256661 -0.904827
0.690000 0.251579 -0.929776
0.700000 0.246597 -0.951057
0.710000 0.241714 -0.968583
0.720000 0.236928 -0.982287
0.730000 0.232236 -0.992115
0.740000 0.227638 -0.998027
0.750000 0.223130 -1.000000
0.760000 0.218712 -0.998027
0.770000 0.214381 -0.992115
0.780000 0.210136 -0.982287
0.790000 0.205975 -0.968583
0.800000 0.201897 -0.951057
0.810000 0.197899 -0.929776
0.820000 0.193980 -0.904827
0.830000 0.190139 -0.876307
0.840000 0.186374 -0.844328
0.850000 0.182684 -0.809017
0.860000 0.179066 -0.770513
0.870000 0.175520 -0.728969
0.880000 0.172045 -0.684547
0.890000 0.168638 -0.637424
0.900000 0.165299 -0.587785
0.910000 0.162026 -0.535827
0.920000 0.158817 -0.481754
0.930000 0.155673 -0.425779
0.940000 0.152590 -0.368125
0.950000 0.149569 -0.309017
0.960000 0.146607 -0.248690
0.970000 0.143704 -0.187381
0.980000 0.140858 -0.125333
0.990000 0.138069 -0.062791
1.000000 0.135335 -0.000000
