-4.0000 ; -24.5000  7.5000  8.7200 -32.7800 
 -3.9900 ; -23.9414  7.3409  8.8278 -32.5682 
 -3.9800 ; -23.3858  7.1838  8.9352 -32.3568 
 -3.9700 ; -22.8330  7.0285  9.0422 -32.1458 
 -3.9600 ; -22.2831  6.8751  9.1488 -31.9352 
 -3.9500 ; -21.7361  6.7236  9.2550 -31.7250 
 -3.9400 ; -21.1920  6.5740  9.3608 -31.5152 
 -3.9300 ; -20.6507  6.4262  9.4662 -31.3058 
 -3.9200 ; -20.1123  6.2803  9.5712 -31.0968 
 -3.9100 ; -19.5767  6.1362  9.6758 -30.8882 
 -3.9000 ; -19.0440  5.9940  9.7800 -30.6800 
 -3.8900 ; -18.5141  5.8536  9.8838 -30.4722 
 -3.8800 ; -17.9871  5.7151  9.9872 -30.2648 
 -3.8700 ; -17.4629  5.5784 10.0902 -30.0578 
 -3.8600 ; -16.9415  5.4435 10.1928 -29.8512 
 -3.8500 ; -16.4229  5.3104 10.2950 -29.6450 
 -3.8400 ; -15.9071  5.1791 10.3968 -29.4392 
 -3.8300 ; -15.3941  5.0496 10.4982 -29.2338 
 -3.8200 ; -14.8840  4.9220 10.5992 -29.0288 
 -3.8100 ; -14.3766  4.7961 10.6998 -28.8242 
 -3.8000 ; -13.8720  4.6720 10.8000 -28.6200 
 -3.7900 ; -13.3702  4.5497 10.8998 -28.4162 
 -3.7800 ; -12.8712  4.4292 10.9992 -28.2128 
 -3.7700 ; -12.3749  4.3104 11.0982 -28.0098 
 -3.7600 ; -11.8814  4.1934 11.1968 -27.8072 
 -3.7500 ; -11.3906  4.0781 11.2950 -27.6050 
 -3.7400 ; -10.9026  3.9646 11.3928 -27.4032 
 -3.7300 ; -10.4174  3.8529 11.4902 -27.2018 
 -3.7200 ; -9.9348  3.7428 11.5872 -27.0008 
 -3.7100 ; -9.4551  3.6346 11.6838 -26.8002 
 -3.7000 ; -8.9780  3.5280 11.7800 -26.6000 
 -3.6900 ; -8.5037  3.4232 11.8758 -26.4002 
 -3.6800 ; -8.0320  3.3200 11.9712 -26.2008 
 -3.6700 ; -7.5631  3.2186 12.0662 -26.0018 
 -3.6600 ; -7.0969  3.1189 12.1608 -25.8032 
 -3.6500 ; -6.6334  3.0209 12.2550 -25.6050 
 -3.6400 ; -6.1725  2.9245 12.3488 -25.4072 
 -3.6300 ; -5.7144  2.8299 12.4422 -25.2098 
 -3.6200 ; -5.2589  2.7369 12.5352 -25.0128 
 -3.6100 ; -4.8061  2.6456 12.6278 -24.8162 
 -3.6000 ; -4.3560  2.5560 12.7200 -24.6200 
 -3.5900 ; -3.9085  2.4680 12.8118 -24.4242 
 -3.5800 ; -3.4637  2.3817 12.9032 -24.2288 
 -3.5700 ; -3.0215  2.2970 12.9942 -24.0338 
 -3.5600 ; -2.5820  2.2140 13.0848 -23.8392 
 -3.5500 ; -2.1451  2.1326 13.1750 -23.6450 
 -3.5400 ; -1.7109  2.0529 13.2648 -23.4512 
 -3.5300 ; -1.2792  1.9747 13.3542 -23.2578 
 -3.5200 ; -0.8502  1.8982 13.4432 -23.0648 
 -3.5100 ; -0.4238  1.8233 13.5318 -22.8722 
 -3.5000 ;  0.0000  1.7500 13.6200 -22.6800 
 -3.4900 ;  0.4212  1.6783 13.7078 -22.4882 
 -3.4800 ;  0.8398  1.6082 13.7952 -22.2968 
 -3.4700 ;  1.2558  1.5397 13.8822 -22.1058 
 -3.4600 ;  1.6693  1.4727 13.9688 -21.9152 
 -3.4500 ;  2.0801  1.4074 14.0550 -21.7250 
 -3.4400 ;  2.4884  1.3436 14.1408 -21.5352 
 -3.4300 ;  2.8941  1.2814 14.2262 -21.3458 
 -3.4200 ;  3.2973  1.2207 14.3112 -21.1568 
 -3.4100 ;  3.6979  1.1616 14.3958 -20.9682 
 -3.4000 ;  4.0960  1.1040 14.4800 -20.7800 
 -3.3900 ;  4.4915  1.0480 14.5638 -20.5922 
 -3.3800 ;  4.8845  0.9935 14.6472 -20.4048 
 -3.3700 ;  5.2750  0.9405 14.7302 -20.2178 
 -3.3600 ;  5.6629  0.8891 14.8128 -20.0312 
 -3.3500 ;  6.0484  0.8391 14.8950 -19.8450 
 -3.3400 ;  6.4313  0.7907 14.9768 -19.6592 
 -3.3300 ;  6.8117  0.7438 15.0582 -19.4738 
 -3.3200 ;  7.1896  0.6984 15.1392 -19.2888 
 -3.3100 ;  7.5651  0.6544 15.2198 -19.1042 
 -3.3000 ;  7.9380  0.6120 15.3000 -18.9200 
 -3.2900 ;  8.3085  0.5710 15.3798 -18.7362 
 -3.2800 ;  8.6764  0.5316 15.4592 -18.5528 
 -3.2700 ;  9.0420  0.4935 15.5382 -18.3698 
 -3.2600 ;  9.4050  0.4570 15.6168 -18.1872 
 -3.2500 ;  9.7656  0.4219 15.6950 -18.0050 
 -3.2400 ; 10.1238  0.3882 15.7728 -17.8232 
 -3.2300 ; 10.4795  0.3560 15.8502 -17.6418 
 -3.2200 ; 10.8328  0.3252 15.9272 -17.4608 
 -3.2100 ; 11.1836  0.2959 16.0038 -17.2802 
 -3.2000 ; 11.5320  0.2680 16.0800 -17.1000 
 -3.1900 ; 11.8780  0.2415 16.1558 -16.9202 
 -3.1800 ; 12.2216  0.2164 16.2312 -16.7408 
 -3.1700 ; 12.5627  0.1928 16.3062 -16.5618 
 -3.1600 ; 12.9015  0.1705 16.3808 -16.3832 
 -3.1500 ; 13.2379  0.1496 16.4550 -16.2050 
 -3.1400 ; 13.5719  0.1301 16.5288 -16.0272 
 -3.1300 ; 13.9035  0.1120 16.6022 -15.8498 
 -3.1200 ; 14.2327  0.0953 16.6752 -15.6728 
 -3.1100 ; 14.5595  0.0800 16.7478 -15.4962 
 -3.1000 ; 14.8840  0.0660 16.8200 -15.3200 
 -3.0900 ; 15.2061  0.0534 16.8918 -15.1442 
 -3.0800 ; 15.5259  0.0421 16.9632 -14.9688 
 -3.0700 ; 15.8433  0.0322 17.0342 -14.7938 
 -3.0600 ; 16.1584  0.0236 17.1048 -14.6192 
 -3.0500 ; 16.4711  0.0164 17.1750 -14.4450 
 -3.0400 ; 16.7815  0.0105 17.2448 -14.2712 
 -3.0300 ; 17.0896  0.0059 17.3142 -14.0978 
 -3.0200 ; 17.3954  0.0026 17.3832 -13.9248 
 -3.0100 ; 17.6988  0.0007 17.4518 -13.7522 
 -3.0000 ; 18.0000  0.0000 17.5200 -13.5800 
 -2.9900 ; 18.2989  0.0006 17.5878 -13.4082 
 -2.9800 ; 18.5954  0.0026 17.6552 -13.2368 
 -2.9700 ; 18.8897  0.0058 17.7222 -13.0658 
 -2.9600 ; 19.1817  0.0103 17.7888 -12.8952 
 -2.9500 ; 19.4714  0.0161 17.8550 -12.7250 
 -2.9400 ; 19.7588  0.0232 17.9208 -12.5552 
 -2.9300 ; 20.0440  0.0315 17.9862 -12.3858 
 -2.9200 ; 20.3269  0.0411 18.0512 -12.2168 
 -2.9100 ; 20.6076  0.0519 18.1158 -12.0482 
 -2.9000 ; 20.8860  0.0640 18.1800 -11.8800 
 -2.8900 ; 21.1622  0.0773 18.2438 -11.7122 
 -2.8800 ; 21.4361  0.0919 18.3072 -11.5448 
 -2.8700 ; 21.7078  0.1077 18.3702 -11.3778 
 -2.8600 ; 21.9773  0.1247 18.4328 -11.2112 
 -2.8500 ; 22.2446  0.1429 18.4950 -11.0450 
 -2.8400 ; 22.5097  0.1623 18.5568 -10.8792 
 -2.8300 ; 22.7726  0.1829 18.6182 -10.7138 
 -2.8200 ; 23.0332  0.2048 18.6792 -10.5488 
 -2.8100 ; 23.2917  0.2278 18.7398 -10.3842 
 -2.8000 ; 23.5480  0.2520 18.8000 -10.2200 
 -2.7900 ; 23.8021  0.2774 18.8598 -10.0562 
 -2.7800 ; 24.0540  0.3040 18.9192 -9.8928 
 -2.7700 ; 24.3038  0.3317 18.9782 -9.7298 
 -2.7600 ; 24.5514  0.3606 19.0368 -9.5672 
 -2.7500 ; 24.7969  0.3906 19.0950 -9.4050 
 -2.7400 ; 25.0402  0.4218 19.1528 -9.2432 
 -2.7300 ; 25.2813  0.4542 19.2102 -9.0818 
 -2.7200 ; 25.5204  0.4876 19.2672 -8.9208 
 -2.7100 ; 25.7572  0.5223 19.3238 -8.7602 
 -2.7000 ; 25.9920  0.5580 19.3800 -8.6000 
 -2.6900 ; 26.2246  0.5949 19.4358 -8.4402 
 -2.6800 ; 26.4552  0.6328 19.4912 -8.2808 
 -2.6700 ; 26.6836  0.6719 19.5462 -8.1218 
 -2.6600 ; 26.9099  0.7121 19.6008 -7.9632 
 -2.6500 ; 27.1341  0.7534 19.6550 -7.8050 
 -2.6400 ; 27.3563  0.7957 19.7088 -7.6472 
 -2.6300 ; 27.5763  0.8392 19.7622 -7.4898 
 -2.6200 ; 27.7943  0.8837 19.8152 -7.3328 
 -2.6100 ; 28.0102  0.9293 19.8678 -7.1762 
 -2.6000 ; 28.2240  0.9760 19.9200 -7.0200 
 -2.5900 ; 28.4358  1.0237 19.9718 -6.8642 
 -2.5800 ; 28.6455  1.0725 20.0232 -6.7088 
 -2.5700 ; 28.8532  1.1223 20.0742 -6.5538 
 -2.5600 ; 29.0588  1.1732 20.1248 -6.3992 
 -2.5500 ; 29.2624  1.2251 20.1750 -6.2450 
 -2.5400 ; 29.4639  1.2781 20.2248 -6.0912 
 -2.5300 ; 29.6635  1.3320 20.2742 -5.9378 
 -2.5200 ; 29.8610  1.3870 20.3232 -5.7848 
 -2.5100 ; 30.0565  1.4430 20.3718 -5.6322 
 -2.5000 ; 30.2500  1.5000 20.4200 -5.4800 
 -2.4900 ; 30.4415  1.5580 20.4678 -5.3282 
 -2.4800 ; 30.6310  1.6170 20.5152 -5.1768 
 -2.4700 ; 30.8185  1.6770 20.5622 -5.0258 
 -2.4600 ; 31.0041  1.7379 20.6088 -4.8752 
 -2.4500 ; 31.1876  1.7999 20.6550 -4.7250 
 -2.4400 ; 31.3692  1.8628 20.7008 -4.5752 
 -2.4300 ; 31.5488  1.9267 20.7462 -4.4258 
 -2.4200 ; 31.7265  1.9915 20.7912 -4.2768 
 -2.4100 ; 31.9022  2.0573 20.8358 -4.1282 
 -2.4000 ; 32.0760  2.1240 20.8800 -3.9800 
 -2.3900 ; 32.2478  2.1917 20.9238 -3.8322 
 -2.3800 ; 32.4177  2.2603 20.9672 -3.6848 
 -2.3700 ; 32.5857  2.3298 21.0102 -3.5378 
 -2.3600 ; 32.7517  2.4003 21.0528 -3.3912 
 -2.3500 ; 32.9159  2.4716 21.0950 -3.2450 
 -2.3400 ; 33.0781  2.5439 21.1368 -3.0992 
 -2.3300 ; 33.2384  2.6171 21.1782 -2.9538 
 -2.3200 ; 33.3968  2.6912 21.2192 -2.8088 
 -2.3100 ; 33.5534  2.7661 21.2598 -2.6642 
 -2.3000 ; 33.7080  2.8420 21.3000 -2.5200 
 -2.2900 ; 33.8608  2.9187 21.3398 -2.3762 
 -2.2800 ; 34.0116  2.9964 21.3792 -2.2328 
 -2.2700 ; 34.1607  3.0748 21.4182 -2.0898 
 -2.2600 ; 34.3078  3.1542 21.4568 -1.9472 
 -2.2500 ; 34.4531  3.2344 21.4950 -1.8050 
 -2.2400 ; 34.5966  3.3154 21.5328 -1.6632 
 -2.2300 ; 34.7382  3.3973 21.5702 -1.5218 
 -2.2200 ; 34.8780  3.4800 21.6072 -1.3808 
 -2.2100 ; 35.0159  3.5636 21.6438 -1.2402 
 -2.2000 ; 35.1520  3.6480 21.6800 -1.1000 
 -2.1900 ; 35.2863  3.7332 21.7158 -0.9602 
 -2.1800 ; 35.4188  3.8192 21.7512 -0.8208 
 -2.1700 ; 35.5494  3.9061 21.7862 -0.6818 
 -2.1600 ; 35.6783  3.9937 21.8208 -0.5432 
 -2.1500 ; 35.8054  4.0821 21.8550 -0.4050 
 -2.1400 ; 35.9307  4.1713 21.8888 -0.2672 
 -2.1300 ; 36.0542  4.2613 21.9222 -0.1298 
 -2.1200 ; 36.1759  4.3521 21.9552  0.0072 
 -2.1100 ; 36.2958  4.4437 21.9878  0.1438 
 -2.1000 ; 36.4140  4.5360 22.0200  0.2800 
 -2.0900 ; 36.5304  4.6291 22.0518  0.4158 
 -2.0800 ; 36.6451  4.7229 22.0832  0.5512 
 -2.0700 ; 36.7580  4.8175 22.1142  0.6862 
 -2.0600 ; 36.8692  4.9128 22.1448  0.8208 
 -2.0500 ; 36.9786  5.0089 22.1750  0.9550 
 -2.0400 ; 37.0863  5.1057 22.2048  1.0888 
 -2.0300 ; 37.1923  5.2032 22.2342  1.2222 
 -2.0200 ; 37.2966  5.3014 22.2632  1.3552 
 -2.0100 ; 37.3991  5.4004 22.2918  1.4878 
 -2.0000 ; 37.5000  5.5000 22.3200  1.6200 
 -1.9900 ; 37.5992  5.6003 22.3478  1.7518 
 -1.9800 ; 37.6966  5.7014 22.3752  1.8832 
 -1.9700 ; 37.7924  5.8031 22.4022  2.0142 
 -1.9600 ; 37.8865  5.9055 22.4288  2.1448 
 -1.9500 ; 37.9789  6.0086 22.4550  2.2750 
 -1.9400 ; 38.0696  6.1124 22.4808  2.4048 
 -1.9300 ; 38.1587  6.2168 22.5062  2.5342 
 -1.9200 ; 38.2461  6.3219 22.5312  2.6632 
 -1.9100 ; 38.3319  6.4276 22.5558  2.7918 
 -1.9000 ; 38.4160  6.5340 22.5800  2.9200 
 -1.8900 ; 38.4985  6.6410 22.6038  3.0478 
 -1.8800 ; 38.5793  6.7487 22.6272  3.1752 
 -1.8700 ; 38.6585  6.8570 22.6502  3.3022 
 -1.8600 ; 38.7361  6.9659 22.6728  3.4288 
 -1.8500 ; 38.8121  7.0754 22.6950  3.5550 
 -1.8400 ; 38.8865  7.1855 22.7168  3.6808 
 -1.8300 ; 38.9593  7.2962 22.7382  3.8062 
 -1.8200 ; 39.0304  7.4076 22.7592  3.9312 
 -1.8100 ; 39.1000  7.5195 22.7798  4.0558 
 -1.8000 ; 39.1680  7.6320 22.8000  4.1800 
 -1.7900 ; 39.2344  7.7451 22.8198  4.3038 
 -1.7800 ; 39.2992  7.8588 22.8392  4.4272 
 -1.7700 ; 39.3625  7.9730 22.8582  4.5502 
 -1.7600 ; 39.4242  8.0878 22.8768  4.6728 
 -1.7500 ; 39.4844  8.2031 22.8950  4.7950 
 -1.7400 ; 39.5430  8.3190 22.9128  4.9168 
 -1.7300 ; 39.6000  8.4355 22.9302  5.0382 
 -1.7200 ; 39.6556  8.5524 22.9472  5.1592 
 -1.7100 ; 39.7095  8.6700 22.9638  5.2798 
 -1.7000 ; 39.7620  8.7880 22.9800  5.4000 
 -1.6900 ; 39.8129  8.9066 22.9958  5.5198 
 -1.6800 ; 39.8624  9.0256 23.0112  5.6392 
 -1.6700 ; 39.9103  9.1452 23.0262  5.7582 
 -1.6600 ; 39.9567  9.2653 23.0408  5.8768 
 -1.6500 ; 40.0016  9.3859 23.0550  5.9950 
 -1.6400 ; 40.0451  9.5069 23.0688  6.1128 
 -1.6300 ; 40.0870  9.6285 23.0822  6.2302 
 -1.6200 ; 40.1275  9.7505 23.0952  6.3472 
 -1.6100 ; 40.1665  9.8730 23.1078  6.4638 
 -1.6000 ; 40.2040  9.9960 23.1200  6.5800 
 -1.5900 ; 40.2401 10.1194 23.1318  6.6958 
 -1.5800 ; 40.2747 10.2433 23.1432  6.8112 
 -1.5700 ; 40.3079 10.3676 23.1542  6.9262 
 -1.5600 ; 40.3396 10.4924 23.1648  7.0408 
 -1.5500 ; 40.3699 10.6176 23.1750  7.1550 
 -1.5400 ; 40.3987 10.7433 23.1848  7.2688 
 -1.5300 ; 40.4262 10.8693 23.1942  7.3822 
 -1.5200 ; 40.4522 10.9958 23.2032  7.4952 
 -1.5100 ; 40.4768 11.1227 23.2118  7.6078 
 -1.5000 ; 40.5000 11.2500 23.2200  7.7200 
 -1.4900 ; 40.5218 11.3777 23.2278  7.8318 
 -1.4800 ; 40.5422 11.5058 23.2352  7.9432 
 -1.4700 ; 40.5612 11.6343 23.2422  8.0542 
 -1.4600 ; 40.5789 11.7631 23.2488  8.1648 
 -1.4500 ; 40.5951 11.8924 23.2550  8.2750 
 -1.4400 ; 40.6100 12.0220 23.2608  8.3848 
 -1.4300 ; 40.6235 12.1520 23.2662  8.4942 
 -1.4200 ; 40.6357 12.2823 23.2712  8.6032 
 -1.4100 ; 40.6465 12.4130 23.2758  8.7118 
 -1.4000 ; 40.6560 12.5440 23.2800  8.8200 
 -1.3900 ; 40.6641 12.6754 23.2838  8.9278 
 -1.3800 ; 40.6709 12.8071 23.2872  9.0352 
 -1.3700 ; 40.6764 12.9391 23.2902  9.1422 
 -1.3600 ; 40.6805 13.0715 23.2928  9.2488 
 -1.3500 ; 40.6834 13.2041 23.2950  9.3550 
 -1.3400 ; 40.6849 13.3371 23.2968  9.4608 
 -1.3300 ; 40.6851 13.4704 23.2982  9.5662 
 -1.3200 ; 40.6840 13.6040 23.2992  9.6712 
 -1.3100 ; 40.6817 13.7378 23.2998  9.7758 
 -1.3000 ; 40.6780 13.8720 23.3000  9.8800 
 -1.2900 ; 40.6731 14.0064 23.2998  9.9838 
 -1.2800 ; 40.6668 14.1412 23.2992 10.0872 
 -1.2700 ; 40.6594 14.2761 23.2982 10.1902 
 -1.2600 ; 40.6506 14.4114 23.2968 10.2928 
 -1.2500 ; 40.6406 14.5469 23.2950 10.3950 
 -1.2400 ; 40.6294 14.6826 23.2928 10.4968 
 -1.2300 ; 40.6169 14.8186 23.2902 10.5982 
 -1.2200 ; 40.6032 14.9548 23.2872 10.6992 
 -1.2100 ; 40.5882 15.0913 23.2838 10.7998 
 -1.2000 ; 40.5720 15.2280 23.2800 10.9000 
 -1.1900 ; 40.5546 15.3649 23.2758 10.9998 
 -1.1800 ; 40.5360 15.5020 23.2712 11.0992 
 -1.1700 ; 40.5161 15.6394 23.2662 11.1982 
 -1.1600 ; 40.4951 15.7769 23.2608 11.2968 
 -1.1500 ; 40.4729 15.9146 23.2550 11.3950 
 -1.1400 ; 40.4495 16.0525 23.2488 11.4928 
 -1.1300 ; 40.4249 16.1906 23.2422 11.5902 
 -1.1200 ; 40.3991 16.3289 23.2352 11.6872 
 -1.1100 ; 40.3721 16.4674 23.2278 11.7838 
 -1.1000 ; 40.3440 16.6060 23.2200 11.8800 
 -1.0900 ; 40.3147 16.7448 23.2118 11.9758 
 -1.0800 ; 40.2843 16.8837 23.2032 12.0712 
 -1.0700 ; 40.2527 17.0228 23.1942 12.1662 
 -1.0600 ; 40.2200 17.1620 23.1848 12.2608 
 -1.0500 ; 40.1861 17.3014 23.1750 12.3550 
 -1.0400 ; 40.1511 17.4409 23.1648 12.4488 
 -1.0300 ; 40.1150 17.5805 23.1542 12.5422 
 -1.0200 ; 40.0778 17.7202 23.1432 12.6352 
 -1.0100 ; 40.0394 17.8601 23.1318 12.7278 
 -1.0000 ; 40.0000 18.0000 23.1200 12.8200 
 -0.9900 ; 39.9595 18.1400 23.1078 12.9118 
 -0.9800 ; 39.9178 18.2802 23.0952 13.0032 
 -0.9700 ; 39.8751 18.4204 23.0822 13.0942 
 -0.9600 ; 39.8313 18.5607 23.0688 13.1848 
 -0.9500 ; 39.7864 18.7011 23.0550 13.2750 
 -0.9400 ; 39.7404 18.8416 23.0408 13.3648 
 -0.9300 ; 39.6934 18.9821 23.0262 13.4542 
 -0.9200 ; 39.6453 19.1227 23.0112 13.5432 
 -0.9100 ; 39.5962 19.2633 22.9958 13.6318 
 -0.9000 ; 39.5460 19.4040 22.9800 13.7200 
 -0.8900 ; 39.4948 19.5447 22.9638 13.8078 
 -0.8800 ; 39.4425 19.6855 22.9472 13.8952 
 -0.8700 ; 39.3892 19.8263 22.9302 13.9822 
 -0.8600 ; 39.3349 19.9671 22.9128 14.0688 
 -0.8500 ; 39.2796 20.1079 22.8950 14.1550 
 -0.8400 ; 39.2233 20.2487 22.8768 14.2408 
 -0.8300 ; 39.1660 20.3895 22.8582 14.3262 
 -0.8200 ; 39.1076 20.5304 22.8392 14.4112 
 -0.8100 ; 39.0483 20.6712 22.8198 14.4958 
 -0.8000 ; 38.9880 20.8120 22.8000 14.5800 
 -0.7900 ; 38.9267 20.9528 22.7798 14.6638 
 -0.7800 ; 38.8644 21.0936 22.7592 14.7472 
 -0.7700 ; 38.8012 21.2343 22.7382 14.8302 
 -0.7600 ; 38.7370 21.3750 22.7168 14.9128 
 -0.7500 ; 38.6719 21.5156 22.6950 14.9950 
 -0.7400 ; 38.6058 21.6562 22.6728 15.0768 
 -0.7300 ; 38.5387 21.7968 22.6502 15.1582 
 -0.7200 ; 38.4708 21.9372 22.6272 15.2392 
 -0.7100 ; 38.4018 22.0777 22.6038 15.3198 
 -0.7000 ; 38.3320 22.2180 22.5800 15.4000 
 -0.6900 ; 38.2612 22.3583 22.5558 15.4798 
 -0.6800 ; 38.1896 22.4984 22.5312 15.5592 
 -0.6700 ; 38.1170 22.6385 22.5062 15.6382 
 -0.6600 ; 38.0435 22.7785 22.4808 15.7168 
 -0.6500 ; 37.9691 22.9184 22.4550 15.7950 
 -0.6400 ; 37.8939 23.0581 22.4288 15.8728 
 -0.6300 ; 37.8177 23.1978 22.4022 15.9502 
 -0.6200 ; 37.7407 23.3373 22.3752 16.0272 
 -0.6100 ; 37.6628 23.4767 22.3478 16.1038 
 -0.6000 ; 37.5840 23.6160 22.3200 16.1800 
 -0.5900 ; 37.5044 23.7551 22.2918 16.2558 
 -0.5800 ; 37.4239 23.8941 22.2632 16.3312 
 -0.5700 ; 37.3426 24.0329 22.2342 16.4062 
 -0.5600 ; 37.2604 24.1716 22.2048 16.4808 
 -0.5500 ; 37.1774 24.3101 22.1750 16.5550 
 -0.5400 ; 37.0935 24.4485 22.1448 16.6288 
 -0.5300 ; 37.0089 24.5866 22.1142 16.7022 
 -0.5200 ; 36.9234 24.7246 22.0832 16.7752 
 -0.5100 ; 36.8371 24.8624 22.0518 16.8478 
 -0.5000 ; 36.7500 25.0000 22.0200 16.9200 
 -0.4900 ; 36.6621 25.1374 21.9878 16.9918 
 -0.4800 ; 36.5734 25.2746 21.9552 17.0632 
 -0.4700 ; 36.4839 25.4116 21.9222 17.1342 
 -0.4600 ; 36.3937 25.5483 21.8888 17.2048 
 -0.4500 ; 36.3026 25.6849 21.8550 17.2750 
 -0.4400 ; 36.2108 25.8212 21.8208 17.3448 
 -0.4300 ; 36.1182 25.9573 21.7862 17.4142 
 -0.4200 ; 36.0249 26.0931 21.7512 17.4832 
 -0.4100 ; 35.9308 26.2287 21.7158 17.5518 
 -0.4000 ; 35.8360 26.3640 21.6800 17.6200 
 -0.3900 ; 35.7404 26.4991 21.6438 17.6878 
 -0.3800 ; 35.6441 26.6339 21.6072 17.7552 
 -0.3700 ; 35.5471 26.7684 21.5702 17.8222 
 -0.3600 ; 35.4493 26.9027 21.5328 17.8888 
 -0.3500 ; 35.3509 27.0366 21.4950 17.9550 
 -0.3400 ; 35.2517 27.1703 21.4568 18.0208 
 -0.3300 ; 35.1518 27.3037 21.4182 18.0862 
 -0.3200 ; 35.0512 27.4368 21.3792 18.1512 
 -0.3100 ; 34.9500 27.5695 21.3398 18.2158 
 -0.3000 ; 34.8480 27.7020 21.3000 18.2800 
 -0.2900 ; 34.7454 27.8341 21.2598 18.3438 
 -0.2800 ; 34.6420 27.9660 21.2192 18.4072 
 -0.2700 ; 34.5381 28.0974 21.1782 18.4702 
 -0.2600 ; 34.4334 28.2286 21.1368 18.5328 
 -0.2500 ; 34.3281 28.3594 21.0950 18.5950 
 -0.2400 ; 34.2222 28.4898 21.0528 18.6568 
 -0.2300 ; 34.1156 28.6199 21.0102 18.7182 
 -0.2200 ; 34.0084 28.7496 20.9672 18.7792 
 -0.2100 ; 33.9005 28.8790 20.9238 18.8398 
 -0.2000 ; 33.7920 29.0080 20.8800 18.9000 
 -0.1900 ; 33.6829 29.1366 20.8358 18.9598 
 -0.1800 ; 33.5732 29.2648 20.7912 19.0192 
 -0.1700 ; 33.4628 29.3927 20.7462 19.0782 
 -0.1600 ; 33.3519 29.5201 20.7008 19.1368 
 -0.1500 ; 33.2404 29.6471 20.6550 19.1950 
 -0.1400 ; 33.1283 29.7737 20.6088 19.2528 
 -0.1300 ; 33.0156 29.8999 20.5622 19.3102 
 -0.1200 ; 32.9023 30.0257 20.5152 19.3672 
 -0.1100 ; 32.7884 30.1511 20.4678 19.4238 
 -0.1000 ; 32.6740 30.2760 20.4200 19.4800 
 -0.0900 ; 32.5590 30.4005 20.3718 19.5358 
 -0.0800 ; 32.4435 30.5245 20.3232 19.5912 
 -0.0700 ; 32.3274 30.6481 20.2742 19.6462 
 -0.0600 ; 32.2108 30.7712 20.2248 19.7008 
 -0.0500 ; 32.0936 30.8939 20.1750 19.7550 
 -0.0400 ; 31.9759 31.0161 20.1248 19.8088 
 -0.0300 ; 31.8577 31.1378 20.0742 19.8622 
 -0.0200 ; 31.7390 31.2590 20.0232 19.9152 
 -0.0100 ; 31.6197 31.3798 19.9718 19.9678 
  0.0000 ; 31.5000 31.5000 19.9200 20.0200 
  0.0100 ; 31.3798 31.6197 19.8678 20.0718 
  0.0200 ; 31.2590 31.7390 19.8152 20.1232 
  0.0300 ; 31.1378 31.8577 19.7622 20.1742 
  0.0400 ; 31.0161 31.9759 19.7088 20.2248 
  0.0500 ; 30.8939 32.0936 19.6550 20.2750 
  0.0600 ; 30.7712 32.2108 19.6008 20.3248 
  0.0700 ; 30.6481 32.3274 19.5462 20.3742 
  0.0800 ; 30.5245 32.4435 19.4912 20.4232 
  0.0900 ; 30.4005 32.5590 19.4358 20.4718 
  0.1000 ; 30.2760 32.6740 19.3800 20.5200 
  0.1100 ; 30.1511 32.7884 19.3238 20.5678 
  0.1200 ; 30.0257 32.9023 19.2672 20.6152 
  0.1300 ; 29.8999 33.0156 19.2102 20.6622 
  0.1400 ; 29.7737 33.1283 19.1528 20.7088 
  0.1500 ; 29.6471 33.2404 19.0950 20.7550 
  0.1600 ; 29.5201 33.3519 19.0368 20.8008 
  0.1700 ; 29.3927 33.4628 18.9782 20.8462 
  0.1800 ; 29.2648 33.5732 18.9192 20.8912 
  0.1900 ; 29.1366 33.6829 18.8598 20.9358 
  0.2000 ; 29.0080 33.7920 18.8000 20.9800 
  0.2100 ; 28.8790 33.9005 18.7398 21.0238 
  0.2200 ; 28.7496 34.0084 18.6792 21.0672 
  0.2300 ; 28.6199 34.1156 18.6182 21.1102 
  0.2400 ; 28.4898 34.2222 18.5568 21.1528 
  0.2500 ; 28.3594 34.3281 18.4950 21.1950 
  0.2600 ; 28.2286 34.4334 18.4328 21.2368 
  0.2700 ; 28.0974 34.5381 18.3702 21.2782 
  0.2800 ; 27.9660 34.6420 18.3072 21.3192 
  0.2900 ; 27.8341 34.7454 18.2438 21.3598 
  0.3000 ; 27.7020 34.8480 18.1800 21.4000 
  0.3100 ; 27.5695 34.9500 18.1158 21.4398 
  0.3200 ; 27.4368 35.0512 18.0512 21.4792 
  0.3300 ; 27.3037 35.1518 17.9862 21.5182 
  0.3400 ; 27.1703 35.2517 17.9208 21.5568 
  0.3500 ; 27.0366 35.3509 17.8550 21.5950 
  0.3600 ; 26.9027 35.4493 17.7888 21.6328 
  0.3700 ; 26.7684 35.5471 17.7222 21.6702 
  0.3800 ; 26.6339 35.6441 17.6552 21.7072 
  0.3900 ; 26.4991 35.7404 17.5878 21.7438 
  0.4000 ; 26.3640 35.8360 17.5200 21.7800 
  0.4100 ; 26.2287 35.9308 17.4518 21.8158 
  0.4200 ; 26.0931 36.0249 17.3832 21.8512 
  0.4300 ; 25.9573 36.1182 17.3142 21.8862 
  0.4400 ; 25.8212 36.2108 17.2448 21.9208 
  0.4500 ; 25.6849 36.3026 17.1750 21.9550 
  0.4600 ; 25.5483 36.3937 17.1048 21.9888 
  0.4700 ; 25.4116 36.4839 17.0342 22.0222 
  0.4800 ; 25.2746 36.5734 16.9632 22.0552 
  0.4900 ; 25.1374 36.6621 16.8918 22.0878 
  0.5000 ; 25.0000 36.7500 16.8200 22.1200 
  0.5100 ; 24.8624 36.8371 16.7478 22.1518 
  0.5200 ; 24.7246 36.9234 16.6752 22.1832 
  0.5300 ; 24.5866 37.0089 16.6022 22.2142 
  0.5400 ; 24.4485 37.0935 16.5288 22.2448 
  0.5500 ; 24.3101 37.1774 16.4550 22.2750 
  0.5600 ; 24.1716 37.2604 16.3808 22.3048 
  0.5700 ; 24.0329 37.3426 16.3062 22.3342 
  0.5800 ; 23.8941 37.4239 16.2312 22.3632 
  0.5900 ; 23.7551 37.5044 16.1558 22.3918 
  0.6000 ; 23.6160 37.5840 16.0800 22.4200 
  0.6100 ; 23.4767 37.6628 16.0038 22.4478 
  0.6200 ; 23.3373 37.7407 15.9272 22.4752 
  0.6300 ; 23.1978 37.8177 15.8502 22.5022 
  0.6400 ; 23.0581 37.8939 15.7728 22.5288 
  0.6500 ; 22.9184 37.9691 15.6950 22.5550 
  0.6600 ; 22.7785 38.0435 15.6168 22.5808 
  0.6700 ; 22.6385 38.1170 15.5382 22.6062 
  0.6800 ; 22.4984 38.1896 15.4592 22.6312 
  0.6900 ; 22.3583 38.2612 15.3798 22.6558 
  0.7000 ; 22.2180 38.3320 15.3000 22.6800 
  0.7100 ; 22.0777 38.4018 15.2198 22.7038 
  0.7200 ; 21.9372 38.4708 15.1392 22.7272 
  0.7300 ; 21.7968 38.5387 15.0582 22.7502 
  0.7400 ; 21.6562 38.6058 14.9768 22.7728 
  0.7500 ; 21.5156 38.6719 14.8950 22.7950 
  0.7600 ; 21.3750 38.7370 14.8128 22.8168 
  0.7700 ; 21.2343 38.8012 14.7302 22.8382 
  0.7800 ; 21.0936 38.8644 14.6472 22.8592 
  0.7900 ; 20.9528 38.9267 14.5638 22.8798 
  0.8000 ; 20.8120 38.9880 14.4800 22.9000 
  0.8100 ; 20.6712 39.0483 14.3958 22.9198 
  0.8200 ; 20.5304 39.1076 14.3112 22.9392 
  0.8300 ; 20.3895 39.1660 14.2262 22.9582 
  0.8400 ; 20.2487 39.2233 14.1408 22.9768 
  0.8500 ; 20.1079 39.2796 14.0550 22.9950 
  0.8600 ; 19.9671 39.3349 13.9688 23.0128 
  0.8700 ; 19.8263 39.3892 13.8822 23.0302 
  0.8800 ; 19.6855 39.4425 13.7952 23.0472 
  0.8900 ; 19.5447 39.4948 13.7078 23.0638 
  0.9000 ; 19.4040 39.5460 13.6200 23.0800 
  0.9100 ; 19.2633 39.5962 13.5318 23.0958 
  0.9200 ; 19.1227 39.6453 13.4432 23.1112 
  0.9300 ; 18.9821 39.6934 13.3542 23.1262 
  0.9400 ; 18.8416 39.7404 13.2648 23.1408 
  0.9500 ; 18.7011 39.7864 13.1750 23.1550 
  0.9600 ; 18.5607 39.8313 13.0848 23.1688 
  0.9700 ; 18.4204 39.8751 12.9942 23.1822 
  0.9800 ; 18.2802 39.9178 12.9032 23.1952 
  0.9900 ; 18.1400 39.9595 12.8118 23.2078 
  1.0000 ; 18.0000 40.0000 12.7200 23.2200 
  1.0100 ; 17.8601 40.0394 12.6278 23.2318 
  1.0200 ; 17.7202 40.0778 12.5352 23.2432 
  1.0300 ; 17.5805 40.1150 12.4422 23.2542 
  1.0400 ; 17.4409 40.1511 12.3488 23.2648 
  1.0500 ; 17.3014 40.1861 12.2550 23.2750 
  1.0600 ; 17.1620 40.2200 12.1608 23.2848 
  1.0700 ; 17.0228 40.2527 12.0662 23.2942 
  1.0800 ; 16.8837 40.2843 11.9712 23.3032 
  1.0900 ; 16.7448 40.3147 11.8758 23.3118 
  1.1000 ; 16.6060 40.3440 11.7800 23.3200 
  1.1100 ; 16.4674 40.3721 11.6838 23.3278 
  1.1200 ; 16.3289 40.3991 11.5872 23.3352 
  1.1300 ; 16.1906 40.4249 11.4902 23.3422 
  1.1400 ; 16.0525 40.4495 11.3928 23.3488 
  1.1500 ; 15.9146 40.4729 11.2950 23.3550 
  1.1600 ; 15.7769 40.4951 11.1968 23.3608 
  1.1700 ; 15.6394 40.5161 11.0982 23.3662 
  1.1800 ; 15.5020 40.5360 10.9992 23.3712 
  1.1900 ; 15.3649 40.5546 10.8998 23.3758 
  1.2000 ; 15.2280 40.5720 10.8000 23.3800 
  1.2100 ; 15.0913 40.5882 10.6998 23.3838 
  1.2200 ; 14.9548 40.6032 10.5992 23.3872 
  1.2300 ; 14.8186 40.6169 10.4982 23.3902 
  1.2400 ; 14.6826 40.6294 10.3968 23.3928 
  1.2500 ; 14.5469 40.6406 10.2950 23.3950 
  1.2600 ; 14.4114 40.6506 10.1928 23.3968 
  1.2700 ; 14.2761 40.6594 10.0902 23.3982 
  1.2800 ; 14.1412 40.6668  9.9872 23.3992 
  1.2900 ; 14.0064 40.6731  9.8838 23.3998 
  1.3000 ; 13.8720 40.6780  9.7800 23.4000 
  1.3100 ; 13.7378 40.6817  9.6758 23.3998 
  1.3200 ; 13.6040 40.6840  9.5712 23.3992 
  1.3300 ; 13.4704 40.6851  9.4662 23.3982 
  1.3400 ; 13.3371 40.6849  9.3608 23.3968 
  1.3500 ; 13.2041 40.6834  9.2550 23.3950 
  1.3600 ; 13.0715 40.6805  9.1488 23.3928 
  1.3700 ; 12.9391 40.6764  9.0422 23.3902 
  1.3800 ; 12.8071 40.6709  8.9352 23.3872 
  1.3900 ; 12.6754 40.6641  8.8278 23.3838 
  1.4000 ; 12.5440 40.6560  8.7200 23.3800 
  1.4100 ; 12.4130 40.6465  8.6118 23.3758 
  1.4200 ; 12.2823 40.6357  8.5032 23.3712 
  1.4300 ; 12.1520 40.6235  8.3942 23.3662 
  1.4400 ; 12.0220 40.6100  8.2848 23.3608 
  1.4500 ; 11.8924 40.5951  8.1750 23.3550 
  1.4600 ; 11.7631 40.5789  8.0648 23.3488 
  1.4700 ; 11.6343 40.5612  7.9542 23.3422 
  1.4800 ; 11.5058 40.5422  7.8432 23.3352 
  1.4900 ; 11.3777 40.5218  7.7318 23.3278 
  1.5000 ; 11.2500 40.5000  7.6200 23.3200 
  1.5100 ; 11.1227 40.4768  7.5078 23.3118 
  1.5200 ; 10.9958 40.4522  7.3952 23.3032 
  1.5300 ; 10.8693 40.4262  7.2822 23.2942 
  1.5400 ; 10.7433 40.3987  7.1688 23.2848 
  1.5500 ; 10.6176 40.3699  7.0550 23.2750 
  1.5600 ; 10.4924 40.3396  6.9408 23.2648 
  1.5700 ; 10.3676 40.3079  6.8262 23.2542 
  1.5800 ; 10.2433 40.2747  6.7112 23.2432 
  1.5900 ; 10.1194 40.2401  6.5958 23.2318 
  1.6000 ;  9.9960 40.2040  6.4800 23.2200 
  1.6100 ;  9.8730 40.1665  6.3638 23.2078 
  1.6200 ;  9.7505 40.1275  6.2472 23.1952 
  1.6300 ;  9.6285 40.0870  6.1302 23.1822 
  1.6400 ;  9.5069 40.0451  6.0128 23.1688 
  1.6500 ;  9.3859 40.0016  5.8950 23.1550 
  1.6600 ;  9.2653 39.9567  5.7768 23.1408 
  1.6700 ;  9.1452 39.9103  5.6582 23.1262 
  1.6800 ;  9.0256 39.8624  5.5392 23.1112 
  1.6900 ;  8.9066 39.8129  5.4198 23.0958 
  1.7000 ;  8.7880 39.7620  5.3000 23.0800 
  1.7100 ;  8.6700 39.7095  5.1798 23.0638 
  1.7200 ;  8.5524 39.6556  5.0592 23.0472 
  1.7300 ;  8.4355 39.6000  4.9382 23.0302 
  1.7400 ;  8.3190 39.5430  4.8168 23.0128 
  1.7500 ;  8.2031 39.4844  4.6950 22.9950 
  1.7600 ;  8.0878 39.4242  4.5728 22.9768 
  1.7700 ;  7.9730 39.3625  4.4502 22.9582 
  1.7800 ;  7.8588 39.2992  4.3272 22.9392 
  1.7900 ;  7.7451 39.2344  4.2038 22.9198 
  1.8000 ;  7.6320 39.1680  4.0800 22.9000 
  1.8100 ;  7.5195 39.1000  3.9558 22.8798 
  1.8200 ;  7.4076 39.0304  3.8312 22.8592 
  1.8300 ;  7.2962 38.9593  3.7062 22.8382 
  1.8400 ;  7.1855 38.8865  3.5808 22.8168 
  1.8500 ;  7.0754 38.8121  3.4550 22.7950 
  1.8600 ;  6.9659 38.7361  3.3288 22.7728 
  1.8700 ;  6.8570 38.6585  3.2022 22.7502 
  1.8800 ;  6.7487 38.5793  3.0752 22.7272 
  1.8900 ;  6.6410 38.4985  2.9478 22.7038 
  1.9000 ;  6.5340 38.4160  2.8200 22.6800 
  1.9100 ;  6.4276 38.3319  2.6918 22.6558 
  1.9200 ;  6.3219 38.2461  2.5632 22.6312 
  1.9300 ;  6.2168 38.1587  2.4342 22.6062 
  1.9400 ;  6.1124 38.0696  2.3048 22.5808 
  1.9500 ;  6.0086 37.9789  2.1750 22.5550 
  1.9600 ;  5.9055 37.8865  2.0448 22.5288 
  1.9700 ;  5.8031 37.7924  1.9142 22.5022 
  1.9800 ;  5.7014 37.6966  1.7832 22.4752 
  1.9900 ;  5.6003 37.5992  1.6518 22.4478 
  2.0000 ;  5.5000 37.5000  1.5200 22.4200 
  2.0100 ;  5.4004 37.3991  1.3878 22.3918 
  2.0200 ;  5.3014 37.2966  1.2552 22.3632 
  2.0300 ;  5.2032 37.1923  1.1222 22.3342 
  2.0400 ;  5.1057 37.0863  0.9888 22.3048 
  2.0500 ;  5.0089 36.9786  0.8550 22.2750 
  2.0600 ;  4.9128 36.8692  0.7208 22.2448 
  2.0700 ;  4.8175 36.7580  0.5862 22.2142 
  2.0800 ;  4.7229 36.6451  0.4512 22.1832 
  2.0900 ;  4.6291 36.5304  0.3158 22.1518 
  2.1000 ;  4.5360 36.4140  0.1800 22.1200 
  2.1100 ;  4.4437 36.2958  0.0438 22.0878 
  2.1200 ;  4.3521 36.1759 -0.0928 22.0552 
  2.1300 ;  4.2613 36.0542 -0.2298 22.0222 
  2.1400 ;  4.1713 35.9307 -0.3672 21.9888 
  2.1500 ;  4.0821 35.8054 -0.5050 21.9550 
  2.1600 ;  3.9937 35.6783 -0.6432 21.9208 
  2.1700 ;  3.9061 35.5494 -0.7818 21.8862 
  2.1800 ;  3.8192 35.4188 -0.9208 21.8512 
  2.1900 ;  3.7332 35.2863 -1.0602 21.8158 
  2.2000 ;  3.6480 35.1520 -1.2000 21.7800 
  2.2100 ;  3.5636 35.0159 -1.3402 21.7438 
  2.2200 ;  3.4800 34.8780 -1.4808 21.7072 
  2.2300 ;  3.3973 34.7382 -1.6218 21.6702 
  2.2400 ;  3.3154 34.5966 -1.7632 21.6328 
  2.2500 ;  3.2344 34.4531 -1.9050 21.5950 
  2.2600 ;  3.1542 34.3078 -2.0472 21.5568 
  2.2700 ;  3.0748 34.1607 -2.1898 21.5182 
  2.2800 ;  2.9964 34.0116 -2.3328 21.4792 
  2.2900 ;  2.9187 33.8608 -2.4762 21.4398 
  2.3000 ;  2.8420 33.7080 -2.6200 21.4000 
  2.3100 ;  2.7661 33.5534 -2.7642 21.3598 
  2.3200 ;  2.6912 33.3968 -2.9088 21.3192 
  2.3300 ;  2.6171 33.2384 -3.0538 21.2782 
  2.3400 ;  2.5439 33.0781 -3.1992 21.2368 
  2.3500 ;  2.4716 32.9159 -3.3450 21.1950 
  2.3600 ;  2.4003 32.7517 -3.4912 21.1528 
  2.3700 ;  2.3298 32.5857 -3.6378 21.1102 
  2.3800 ;  2.2603 32.4177 -3.7848 21.0672 
  2.3900 ;  2.1917 32.2478 -3.9322 21.0238 
  2.4000 ;  2.1240 32.0760 -4.0800 20.9800 
  2.4100 ;  2.0573 31.9022 -4.2282 20.9358 
  2.4200 ;  1.9915 31.7265 -4.3768 20.8912 
  2.4300 ;  1.9267 31.5488 -4.5258 20.8462 
  2.4400 ;  1.8628 31.3692 -4.6752 20.8008 
  2.4500 ;  1.7999 31.1876 -4.8250 20.7550 
  2.4600 ;  1.7379 31.0041 -4.9752 20.7088 
  2.4700 ;  1.6770 30.8185 -5.1258 20.6622 
  2.4800 ;  1.6170 30.6310 -5.2768 20.6152 
  2.4900 ;  1.5580 30.4415 -5.4282 20.5678 
  2.5000 ;  1.5000 30.2500 -5.5800 20.5200 
  2.5100 ;  1.4430 30.0565 -5.7322 20.4718 
  2.5200 ;  1.3870 29.8610 -5.8848 20.4232 
  2.5300 ;  1.3320 29.6635 -6.0378 20.3742 
  2.5400 ;  1.2781 29.4639 -6.1912 20.3248 
  2.5500 ;  1.2251 29.2624 -6.3450 20.2750 
  2.5600 ;  1.1732 29.0588 -6.4992 20.2248 
  2.5700 ;  1.1223 28.8532 -6.6538 20.1742 
  2.5800 ;  1.0725 28.6455 -6.8088 20.1232 
  2.5900 ;  1.0237 28.4358 -6.9642 20.0718 
  2.6000 ;  0.9760 28.2240 -7.1200 20.0200 
  2.6100 ;  0.9293 28.0102 -7.2762 19.9678 
  2.6200 ;  0.8837 27.7943 -7.4328 19.9152 
  2.6300 ;  0.8392 27.5763 -7.5898 19.8622 
  2.6400 ;  0.7957 27.3563 -7.7472 19.8088 
  2.6500 ;  0.7534 27.1341 -7.9050 19.7550 
  2.6600 ;  0.7121 26.9099 -8.0632 19.7008 
  2.6700 ;  0.6719 26.6836 -8.2218 19.6462 
  2.6800 ;  0.6328 26.4552 -8.3808 19.5912 
  2.6900 ;  0.5949 26.2246 -8.5402 19.5358 
  2.7000 ;  0.5580 25.9920 -8.7000 19.4800 
  2.7100 ;  0.5223 25.7572 -8.8602 19.4238 
  2.7200 ;  0.4876 25.5204 -9.0208 19.3672 
  2.7300 ;  0.4542 25.2813 -9.1818 19.3102 
  2.7400 ;  0.4218 25.0402 -9.3432 19.2528 
  2.7500 ;  0.3906 24.7969 -9.5050 19.1950 
  2.7600 ;  0.3606 24.5514 -9.6672 19.1368 
  2.7700 ;  0.3317 24.3038 -9.8298 19.0782 
  2.7800 ;  0.3040 24.0540 -9.9928 19.0192 
  2.7900 ;  0.2774 23.8021 -10.1562 18.9598 
  2.8000 ;  0.2520 23.5480 -10.3200 18.9000 
  2.8100 ;  0.2278 23.2917 -10.4842 18.8398 
  2.8200 ;  0.2048 23.0332 -10.6488 18.7792 
  2.8300 ;  0.1829 22.7726 -10.8138 18.7182 
  2.8400 ;  0.1623 22.5097 -10.9792 18.6568 
  2.8500 ;  0.1429 22.2446 -11.1450 18.5950 
  2.8600 ;  0.1247 21.9773 -11.3112 18.5328 
  2.8700 ;  0.1077 21.7078 -11.4778 18.4702 
  2.8800 ;  0.0919 21.4361 -11.6448 18.4072 
  2.8900 ;  0.0773 21.1622 -11.8122 18.3438 
  2.9000 ;  0.0640 20.8860 -11.9800 18.2800 
  2.9100 ;  0.0519 20.6076 -12.1482 18.2158 
  2.9200 ;  0.0411 20.3269 -12.3168 18.1512 
  2.9300 ;  0.0315 20.0440 -12.4858 18.0862 
  2.9400 ;  0.0232 19.7588 -12.6552 18.0208 
  2.9500 ;  0.0161 19.4714 -12.8250 17.9550 
  2.9600 ;  0.0103 19.1817 -12.9952 17.8888 
  2.9700 ;  0.0058 18.8897 -13.1658 17.8222 
  2.9800 ;  0.0026 18.5954 -13.3368 17.7552 
  2.9900 ;  0.0006 18.2989 -13.5082 17.6878 
  3.0000 ;  0.0000 18.0000 -13.6800 17.6200 
  3.0100 ;  0.0007 17.6988 -13.8522 17.5518 
  3.0200 ;  0.0026 17.3954 -14.0248 17.4832 
  3.0300 ;  0.0059 17.0896 -14.1978 17.4142 
  3.0400 ;  0.0105 16.7815 -14.3712 17.3448 
  3.0500 ;  0.0164 16.4711 -14.5450 17.2750 
  3.0600 ;  0.0236 16.1584 -14.7192 17.2048 
  3.0700 ;  0.0322 15.8433 -14.8938 17.1342 
  3.0800 ;  0.0421 15.5259 -15.0688 17.0632 
  3.0900 ;  0.0534 15.2061 -15.2442 16.9918 
  3.1000 ;  0.0660 14.8840 -15.4200 16.9200 
  3.1100 ;  0.0800 14.5595 -15.5962 16.8478 
  3.1200 ;  0.0953 14.2327 -15.7728 16.7752 
  3.1300 ;  0.1120 13.9035 -15.9498 16.7022 
  3.1400 ;  0.1301 13.5719 -16.1272 16.6288 
  3.1500 ;  0.1496 13.2379 -16.3050 16.5550 
  3.1600 ;  0.1705 12.9015 -16.4832 16.4808 
  3.1700 ;  0.1928 12.5627 -16.6618 16.4062 
  3.1800 ;  0.2164 12.2216 -16.8408 16.3312 
  3.1900 ;  0.2415 11.8780 -17.0202 16.2558 
  3.2000 ;  0.2680 11.5320 -17.2000 16.1800 
  3.2100 ;  0.2959 11.1836 -17.3802 16.1038 
  3.2200 ;  0.3252 10.8328 -17.5608 16.0272 
  3.2300 ;  0.3560 10.4795 -17.7418 15.9502 
  3.2400 ;  0.3882 10.1238 -17.9232 15.8728 
  3.2500 ;  0.4219  9.7656 -18.1050 15.7950 
  3.2600 ;  0.4570  9.4050 -18.2872 15.7168 
  3.2700 ;  0.4935  9.0420 -18.4698 15.6382 
  3.2800 ;  0.5316  8.6764 -18.6528 15.5592 
  3.2900 ;  0.5710  8.3085 -18.8362 15.4798 
  3.3000 ;  0.6120  7.9380 -19.0200 15.4000 
  3.3100 ;  0.6544  7.5651 -19.2042 15.3198 
  3.3200 ;  0.6984  7.1896 -19.3888 15.2392 
  3.3300 ;  0.7438  6.8117 -19.5738 15.1582 
  3.3400 ;  0.7907  6.4313 -19.7592 15.0768 
  3.3500 ;  0.8391  6.0484 -19.9450 14.9950 
  3.3600 ;  0.8891  5.6629 -20.1312 14.9128 
  3.3700 ;  0.9405  5.2750 -20.3178 14.8302 
  3.3800 ;  0.9935  4.8845 -20.5048 14.7472 
  3.3900 ;  1.0480  4.4915 -20.6922 14.6638 
  3.4000 ;  1.1040  4.0960 -20.8800 14.5800 
  3.4100 ;  1.1616  3.6979 -21.0682 14.4958 
  3.4200 ;  1.2207  3.2973 -21.2568 14.4112 
  3.4300 ;  1.2814  2.8941 -21.4458 14.3262 
  3.4400 ;  1.3436  2.4884 -21.6352 14.2408 
  3.4500 ;  1.4074  2.0801 -21.8250 14.1550 
  3.4600 ;  1.4727  1.6693 -22.0152 14.0688 
  3.4700 ;  1.5397  1.2558 -22.2058 13.9822 
  3.4800 ;  1.6082  0.8398 -22.3968 13.8952 
  3.4900 ;  1.6783  0.4212 -22.5882 13.8078 
  3.5000 ;  1.7500 -0.0000 -22.7800 13.7200 
  3.5100 ;  1.8233 -0.4238 -22.9722 13.6318 
  3.5200 ;  1.8982 -0.8502 -23.1648 13.5432 
  3.5300 ;  1.9747 -1.2792 -23.3578 13.4542 
  3.5400 ;  2.0529 -1.7109 -23.5512 13.3648 
  3.5500 ;  2.1326 -2.1451 -23.7450 13.2750 
  3.5600 ;  2.2140 -2.5820 -23.9392 13.1848 
  3.5700 ;  2.2970 -3.0215 -24.1338 13.0942 
  3.5800 ;  2.3817 -3.4637 -24.3288 13.0032 
  3.5900 ;  2.4680 -3.9085 -24.5242 12.9118 
  3.6000 ;  2.5560 -4.3560 -24.7200 12.8200 
  3.6100 ;  2.6456 -4.8061 -24.9162 12.7278 
  3.6200 ;  2.7369 -5.2589 -25.1128 12.6352 
  3.6300 ;  2.8299 -5.7144 -25.3098 12.5422 
  3.6400 ;  2.9245 -6.1725 -25.5072 12.4488 
  3.6500 ;  3.0209 -6.6334 -25.7050 12.3550 
  3.6600 ;  3.1189 -7.0969 -25.9032 12.2608 
  3.6700 ;  3.2186 -7.5631 -26.1018 12.1662 
  3.6800 ;  3.3200 -8.0320 -26.3008 12.0712 
  3.6900 ;  3.4232 -8.5037 -26.5002 11.9758 
  3.7000 ;  3.5280 -8.9780 -26.7000 11.8800 
  3.7100 ;  3.6346 -9.4551 -26.9002 11.7838 
  3.7200 ;  3.7428 -9.9348 -27.1008 11.6872 
  3.7300 ;  3.8529 -10.4174 -27.3018 11.5902 
  3.7400 ;  3.9646 -10.9026 -27.5032 11.4928 
  3.7500 ;  4.0781 -11.3906 -27.7050 11.3950 
  3.7600 ;  4.1934 -11.8814 -27.9072 11.2968 
  3.7700 ;  4.3104 -12.3749 -28.1098 11.1982 
  3.7800 ;  4.4292 -12.8712 -28.3128 11.0992 
  3.7900 ;  4.5497 -13.3702 -28.5162 10.9998 
  3.8000 ;  4.6720 -13.8720 -28.7200 10.9000 
  3.8100 ;  4.7961 -14.3766 -28.9242 10.7998 
  3.8200 ;  4.9220 -14.8840 -29.1288 10.6992 
  3.8300 ;  5.0496 -15.3941 -29.3338 10.5982 
  3.8400 ;  5.1791 -15.9071 -29.5392 10.4968 
  3.8500 ;  5.3104 -16.4229 -29.7450 10.3950 
  3.8600 ;  5.4435 -16.9415 -29.9512 10.2928 
  3.8700 ;  5.5784 -17.4629 -30.1578 10.1902 
  3.8800 ;  5.7151 -17.9871 -30.3648 10.0872 
  3.8900 ;  5.8536 -18.5141 -30.5722  9.9838 
  3.9000 ;  5.9940 -19.0440 -30.7800  9.8800 
  3.9100 ;  6.1362 -19.5767 -30.9882  9.7758 
  3.9200 ;  6.2803 -20.1123 -31.1968  9.6712 
  3.9300 ;  6.4262 -20.6507 -31.4058  9.5662 
  3.9400 ;  6.5740 -21.1920 -31.6152  9.4608 
  3.9500 ;  6.7236 -21.7361 -31.8250  9.3550 
  3.9600 ;  6.8751 -22.2831 -32.0352  9.2488 
  3.9700 ;  7.0285 -22.8330 -32.2458  9.1422 
  3.9800 ;  7.1838 -23.3858 -32.4568  9.0352 
  3.9900 ;  7.3409 -23.9414 -32.6682  8.9278 
  4.0000 ;  7.5000 -24.5000 -32.8800  8.8200 
 